 0.000000 0.000000
 0.100119 0.000000
 0.200144 0.001001
 0.310105 0.003203
 0.419970 0.006611
 0.519896 0.010811
 0.619799 0.016011
 0.719625 0.022209
 0.829402 0.030128
 0.938878 0.039238
 1.038466 0.048627
 1.137935 0.059010
 1.237360 0.070395
 1.346360 0.083982
 1.445518 0.097450
 1.554439 0.113356
 1.663022 0.130435
 1.771600 0.148739
 1.879755 0.168198
 1.987832 0.188872
 2.095648 0.210729
 2.203152 0.233756
 2.300774 0.255792
 2.398173 0.278804
 2.504829 0.305133
 2.601704 0.330180
 2.707936 0.358783
 2.813691 0.388509
 2.909768 0.416657
 3.005467 0.445738
 3.110730 0.478878
 3.214820 0.512917
 3.309643 0.545078
 3.413756 0.581558
 3.516818 0.618950
 3.619857 0.657618
 3.713440 0.693916
 3.815177 0.734557
 3.907740 0.772715
 4.008865 0.815591
 4.100563 0.855665
 4.191804 0.896631
 4.282658 0.938519
 4.381931 0.985500
 4.471892 1.029289
 4.570318 1.078423
 4.659352 1.124099
 4.747896 1.170648
 4.844775 1.222823
 4.940991 1.276015
 5.036635 1.330272
 5.131686 1.385582
 5.217672 1.436892
 5.311427 1.494119
 5.396245 1.547177
 5.488986 1.606492
 5.580989 1.666771
 5.672273 1.728025
 5.762979 1.790349
 5.852855 1.853569
 5.934038 1.912018
 6.014625 1.971271
 6.102556 2.037290
 6.190158 2.104579
 6.276265 2.172246
 6.362109 2.241240
 6.446971 2.310996
 6.523583 2.375395
 6.599496 2.440514
 6.674776 2.506408
 6.756855 2.579717
 6.837977 2.653791
 6.911144 2.722090
 6.990710 2.797868
 7.062383 2.867646
 7.140469 2.945204
 7.217629 3.023547
 7.287080 3.095633
 7.362514 3.175513
 7.430384 3.248984
 7.504472 3.330813
 7.577181 3.412922
 7.649168 3.496035
 7.713829 3.572371
 7.784037 3.656955
 7.847206 3.734786
 7.915587 3.820785
 7.983049 3.907569
 8.049648 3.995213
 8.115135 4.083394
 8.179890 4.172619
 8.243389 4.262174
 8.306262 4.352942
 8.367693 4.443754
 8.428307 4.535510
 8.487964 4.628014
 8.546600 4.721170
 8.598974 4.806446
 8.655538 4.900644
 8.711094 4.995510
 8.760679 5.082356
 8.814261 5.178421
 8.866768 5.275042
 8.913725 5.363760
 8.959654 5.452685
 9.008983 5.550584
 9.057570 5.649700
 9.104721 5.748633
 9.151115 5.848790
 9.196054 5.948683
 9.236117 6.040411
 9.279105 6.141583
 9.317212 6.234079
 9.358084 6.336175
 9.394236 6.429443
 9.429558 6.523344
 9.467182 6.626494
 9.503690 6.730103
 9.539134 6.834333
 9.570400 6.929707
 9.603497 7.034201
 9.635621 7.139623
 9.663732 7.235658
 9.693474 7.341168
 9.722160 7.447378
 9.749672 7.553880
 9.776012 7.660686
 9.801167 7.767738
 9.822996 7.865451
 9.843866 7.963471
 9.865630 8.070967
 9.884402 8.169217
 9.902191 8.267650
 9.918998 8.366278
 9.936388 8.474875
 9.951116 8.573809
 9.966225 8.682769
 9.980122 8.791799
 9.992838 8.901122
 10.003301 9.000610
 10.012798 9.100504
 10.022073 9.209686
 10.029452 9.309504
 10.036455 9.419155
 10.042263 9.529072
 10.046863 9.639108
 10.049941 9.739096
 10.052230 9.849304
 10.053299 9.958908
 10.053165 10.068785
 10.051821 10.178895
 10.049270 10.288794
 10.045848 10.388792
 10.040987 10.498663
 10.034915 10.608531
 10.028297 10.708326
 10.020674 10.808150
 10.011205 10.917691
 10.000544 11.027007
 9.989740 11.126461
 9.977941 11.225812
 9.963862 11.335015
 9.948605 11.443891
 9.932145 11.552641
 9.916088 11.651372
 9.897342 11.759782
 9.877433 11.867831
 9.858215 11.966055
 9.836023 12.073750
 9.812652 12.181179
 9.790303 12.278730
 9.764657 12.385743
 9.737845 12.492430
 9.709897 12.598676
 9.683387 12.695135
 9.653159 12.800971
 9.621782 12.906417
 9.589259 13.011475
 9.555594 13.116132
 9.523921 13.211003
 9.488051 13.314976
 9.451042 13.418540
 9.412888 13.521713
 9.377133 13.615225
 9.336837 13.717529
 9.295432 13.819353
 9.256687 13.911711
 9.213149 14.012648
 9.168501 14.113110
 9.126854 14.204108
 9.084330 14.294618
 9.040900 14.384705
 8.992058 14.483481
 8.942314 14.581350
 8.891241 14.679163
 8.839448 14.775740
 8.791221 14.863350
 8.742116 14.950479
 8.687171 15.045732
 8.636234 15.131835
 8.584445 15.217414
 8.526424 15.311159
 8.467684 15.403769
 8.413194 15.487631
 8.357871 15.570938
 8.301716 15.653693
 8.244729 15.735889
 8.181172 15.825634
 8.122448 15.906649
 8.057046 15.995004
 7.996643 16.074757
 7.935428 16.153924
 7.867286 16.240249
 7.798190 16.325831
 7.728214 16.410579
 7.663659 16.487034
 7.591922 16.570291
 7.525750 16.645404
 7.458846 16.719831
 7.384536 16.800852
 7.309357 16.881033
 7.240147 16.953241
 7.170229 17.024741
 7.092167 17.102989
 7.013969 17.179660
 6.934553 17.255838
 6.854409 17.331037
 6.780723 17.398670
 6.698911 17.472267
 6.616376 17.544887
 6.540573 17.610120
 6.464065 17.674639
 6.386887 17.738412
 6.309100 17.801388
 6.223106 17.869596
 6.144067 17.930886
 6.056451 17.997435
 5.976068 18.057106
 5.887244 18.121675
 5.805302 18.179876
 5.715344 18.242421
 5.624396 18.304186
 5.540805 18.359622
 5.448829 18.419300
 5.364322 18.472823
 5.279261 18.525514
 5.193717 18.577326
 5.099092 18.633352
 5.012234 18.683498
 4.916608 18.737435
 4.820285 18.790380
 4.732050 18.837623
 4.634571 18.888567
 4.536585 18.938412
 4.446900 18.982800
 4.347937 19.030553
 4.248046 19.077408
 4.148231 19.122891
 4.056769 19.163361
 3.955374 19.207020
 3.854220 19.249257
 3.752302 19.290508
 3.659062 19.327058
 3.556348 19.366139
 3.453089 19.404134
 3.349371 19.441008
 3.245439 19.476674
 3.150407 19.508124
 3.045633 19.541637
 2.940192 19.574089
 2.835096 19.605170
 2.729177 19.635237
 2.632513 19.661529
 2.526289 19.689282
 2.429238 19.713504
 2.322410 19.739033
 2.224532 19.761290
 2.117379 19.784527
 2.009622 19.806661
 1.911402 19.825713
 1.803179 19.845583
 1.704611 19.862562
 1.596066 19.880143
 1.487272 19.896540
 1.378415 19.911722
 1.279137 19.924458
 1.170002 19.937350
 1.060586 19.949057
 0.960932 19.958612
 0.861124 19.967174
 0.751638 19.975462
 0.641655 19.982575
 0.532001 19.988453
 0.422142 19.993133
 0.312209 19.996606
 0.202276 19.998869
 0.102183 19.999828
 -0.007634 19.999782
 -0.107660 19.998641
 -0.207662 19.996500
 -0.307633 19.993358
 -0.407604 19.989216
 -0.517532 19.983559
 -0.627110 19.976709
 -0.726845 19.969375
 -0.826789 19.961020
 -0.936567 19.950732
 -1.045552 19.939306
 -1.154944 19.926624
 -1.263807 19.912786
 -1.362926 19.899080
 -1.461864 19.884389
 -1.560720 19.868698
 -1.669007 19.850397
 -1.767444 19.832646
 -1.865818 19.813889
 -1.973880 19.792161
 -2.081256 19.769337
 -2.188464 19.745316
 -2.286036 19.722325
 -2.392727 19.696054
 -2.489561 19.671078
 -2.586500 19.645038
 -2.692012 19.615557
 -2.788102 19.587571
 -2.893589 19.555698
 -2.998246 19.522814
 -3.093405 19.491763
 -3.197600 19.456606
 -3.292276 19.423496
 -3.395392 19.386270
 -3.489110 19.351271
 -3.582493 19.315328
 -3.684661 19.274826
 -3.777386 19.236883
 -3.878689 19.194240
 -3.970726 19.154301
 -4.070881 19.109640
 -4.170706 19.063807
 -4.261252 19.021024
 -4.360105 18.973100
 -4.449738 18.928422
 -4.547553 18.878437
 -4.645065 18.827249
 -4.733463 18.779595
 -4.829340 18.726660
 -4.916368 18.677360
 -5.011500 18.622205
 -5.097463 18.571094
 -5.183119 18.519000
 -5.276526 18.460901
 -5.369121 18.401884
 -5.461209 18.341759
 -5.552671 18.280597
 -5.643527 18.218383
 -5.733491 18.155314
 -5.822762 18.091256
 -5.911829 18.025851
 -5.999457 17.959999
 -6.078766 17.899027
 -6.165258 17.831146
 -6.243355 17.768453
 -6.328275 17.698873
 -6.405027 17.634566
 -6.481045 17.569565
 -6.563978 17.497204
 -6.646147 17.423903
 -6.720088 17.356463
 -6.800370 17.281755
 -6.872878 17.212783
 -6.951692 17.136294
 -7.022820 17.065732
 -7.100029 16.987586
 -7.176450 16.908520
 -7.245174 16.835834
 -7.313178 16.762453
 -7.380731 16.688080
 -7.453843 16.605944
 -7.519531 16.530493
 -7.590599 16.447195
 -7.654694 16.370381
 -7.724287 16.285263
 -7.786895 16.206945
 -7.848705 16.128017
 -7.915356 16.041127
 -7.981386 15.953065
 -8.046585 15.864087
 -8.110374 15.774990
 -8.167733 15.692989
 -8.229845 15.602274
 -8.285495 15.519049
 -8.345918 15.426699
 -8.404941 15.334277
 -8.463104 15.240962
 -8.520243 15.147004
 -8.571284 15.060954
 -8.626605 14.965527
 -8.680556 14.870053
 -8.733611 14.773710
 -8.785609 14.676781
 -8.836496 14.579364
 -8.881840 14.490186
 -8.930752 14.391557
 -8.974422 14.301011
 -9.020990 14.201918
 -9.062626 14.110743
 -9.107319 14.010217
 -9.150789 13.909473
 -9.193215 13.808105
 -9.230812 13.715426
 -9.267511 13.622299
 -9.303251 13.528875
 -9.341494 13.425831
 -9.375282 13.331629
 -9.408113 13.237130
 -9.443130 13.132991
 -9.473979 13.037795
 -9.506869 12.932729
 -9.535704 12.836930
 -9.566398 12.731131
 -9.595774 12.625542
 -9.621568 12.528731
 -9.648772 12.422358
 -9.674891 12.315341
 -9.699768 12.208313
 -9.721353 12.110587
 -9.741943 12.012726
 -9.763584 11.904510
 -9.783897 11.796769
 -9.801346 11.698294
 -9.817827 11.599549
 -9.834826 11.491021
 -9.850705 11.381800
 -9.865297 11.273018
 -9.878714 11.163926
 -9.890936 11.054644
 -9.901950 10.945289
 -9.910878 10.845680
 -9.919606 10.735966
 -9.927134 10.626052
 -9.933437 10.516298
 -9.938532 10.406497
 -9.942423 10.296571
 -9.944863 10.196536
 -9.946300 10.096538
 -9.946781 9.986557
 -9.946052 9.876557
 -9.944114 9.766602
 -9.941251 9.666601
 -9.937004 9.556715
 -9.931549 9.446873
 -9.924867 9.336770
 -9.917698 9.236894
 -9.908766 9.127759
 -9.899515 9.028157
 -9.888249 8.918765
 -9.875790 8.809571
 -9.863337 8.710152
 -9.848571 8.601135
 -9.834041 8.502066
 -9.817027 8.393633
 -9.800435 8.294969
 -9.782853 8.196459
 -9.764279 8.098096
 -9.742822 7.990386
 -9.722201 7.892493
 -9.700602 7.794816
 -9.675801 7.687751
 -9.652163 7.590574
 -9.627474 7.493327
 -9.599411 7.387259
 -9.570134 7.281318
 -9.542392 7.185067
 -9.513678 7.089062
 -9.481183 6.984258
 -9.447492 6.879666
 -9.415755 6.784729
 -9.379814 6.680692
 -9.346094 6.586455
 -9.308100 6.483535
 -9.272427 6.390071
 -9.232129 6.287577
 -9.190780 6.185722
 -9.152130 6.093438
 -9.108654 5.992477
 -9.068044 5.900955
 -9.026558 5.809928
 -8.979978 5.710375
 -8.936515 5.620082
 -8.887934 5.521693
 -8.842669 5.432498
 -8.791960 5.335005
 -8.744794 5.246708
 -8.692039 5.150283
 -8.643013 5.062967
 -8.593181 4.976261
 -8.542260 4.889675
 -8.485803 4.795847
 -8.427860 4.701894
 -8.369358 4.609336
 -8.314931 4.525277
 -8.254238 4.433569
 -8.198055 4.350669
 -8.141004 4.268278
 -8.077690 4.178773
 -8.019042 4.097761
 -7.953636 4.009291
 -7.887029 3.921241
 -7.819994 3.834629
 -7.757923 3.756219
 -7.688709 3.670562
 -7.618573 3.585692
 -7.553801 3.509048
 -7.482301 3.426143
 -7.416149 3.351118
 -7.342587 3.269350
 -7.274780 3.195628
 -7.199665 3.115584
 -7.123448 3.036132
 -7.053417 2.964718
 -6.975681 2.887018
 -6.896993 2.810077
 -6.817599 2.734136
 -6.744563 2.665797
 -6.670803 2.598152
 -6.589044 2.524664
 -6.513885 2.458587
 -6.430645 2.386869
 -6.346356 2.315847
 -6.261590 2.246006
 -6.175677 2.176789
 -6.097034 2.114848
 -6.010288 2.047921
 -5.922472 1.981691
 -5.841946 1.922337
 -5.760692 1.863691
 -5.670964 1.800287
 -5.580437 1.737799
 -5.497484 1.681875
 -5.405544 1.621223
 -5.313216 1.561762
 -5.220063 1.503208
 -5.125940 1.445480
 -5.040106 1.394130
 -4.945687 1.338919
 -4.858797 1.289379
 -4.762568 1.235781
 -4.666035 1.183399
 -4.568677 1.131946
 -4.470957 1.081670
 -4.372599 1.032424
 -4.282602 0.988597
 -4.183139 0.941385
 -4.083394 0.895378
 -3.982928 0.850371
 -3.882165 0.806556
 -3.789238 0.767356
 -3.688180 0.725922
 -3.595052 0.688923
 -3.492507 0.649366
 -3.398299 0.614211
 -3.295535 0.577036
 -3.191722 0.540759
 -3.096888 0.508785
 -3.001749 0.477765
 -2.896904 0.444738
 -2.791594 0.412833
 -2.685637 0.382000
 -2.580096 0.352548
 -2.473876 0.324157
 -2.376854 0.299364
 -2.270031 0.273203
 -2.172587 0.250472
 -2.074938 0.228721
 -1.967560 0.205928
 -1.869441 0.186224
 -1.761056 0.165584
 -1.653088 0.146255
 -1.554451 0.129711
 -1.445777 0.112599
 -1.346718 0.098117
 -1.237879 0.083316
 -1.138629 0.070927
 -1.029389 0.058400
 -0.929713 0.048079
 -0.819890 0.037818
 -0.710756 0.028834
 -0.600964 0.021006
 -0.490946 0.014378
 -0.381387 0.008989
 -0.271259 0.004782
 -0.161419 0.001798
 -0.051446 0.000019
 0.048744 -0.000500
 0.148942 -0.000014
 0.258467 0.001614
 0.368435 0.004454
 0.468475 0.008139
 0.568393 0.012822
 0.678159 0.019067
 0.787776 0.026513
 0.887565 0.034394
 0.997443 0.044179
 1.106665 0.055122
 1.215839 0.067272
 1.315103 0.079424
 1.414255 0.092570
 1.523242 0.108131
 1.631886 0.124866
 1.730652 0.141192
 1.839029 0.160223
 1.946981 0.180407
 2.045125 0.199875
 2.143094 0.220329
 2.240788 0.241748
 2.347914 0.266360
 2.454800 0.292157
 2.551839 0.316710
 2.658091 0.344729
 2.754619 0.371321
 2.860309 0.401579
 2.965751 0.433024
 3.070682 0.465578
 3.165896 0.496268
 3.260997 0.527975
 3.364835 0.563756
 3.468330 0.600696
 3.562159 0.635352
 3.655654 0.670952
 3.748854 0.707511
 3.850681 0.748635
 3.943505 0.787314
 4.044139 0.830440
 4.144751 0.874867
 4.235792 0.916270
 4.326433 0.958590
 4.416646 1.001815
 4.506392 1.045925
 4.604628 1.095434
 4.702261 1.145994
 4.790625 1.192992
 4.878439 1.240832
 4.974396 1.294359
 5.069849 1.348988
 5.156121 1.399631
 5.241911 1.451151
 5.335538 1.508661
 5.420307 1.562021
 5.512778 1.621531
 5.596315 1.676600
 5.679384 1.732561
 5.769841 1.794825
 5.860031 1.858375
 5.948896 1.922472
 6.037349 1.987756
 6.117152 2.048022
 6.196348 2.109083
 6.274966 2.170962
 6.352972 2.233633
 6.437999 2.303356
 6.514624 2.367611
 6.598177 2.439112
 6.673522 2.505037
 6.748123 2.571642
 6.829322 2.645610
 6.902536 2.713790
 6.975225 2.782852
 7.054047 2.859259
 7.125125 2.929690
 7.202490 3.007900
 7.272074 3.079810
 7.347825 3.159676
 7.415997 3.233154
 7.489719 3.314229
 7.563109 3.396739
 7.635064 3.479456
 7.706292 3.563174
 7.770264 3.640060
 7.833498 3.717623
 7.902371 3.803853
 7.969907 3.890347
 8.036512 3.977607
 8.096333 4.057789
 8.155440 4.138691
 8.219293 4.227952
 8.276619 4.309977
 8.333245 4.392752
 8.389008 4.476045
 8.448962 4.567572
 8.508373 4.660469
 8.561423 4.745473
 8.618514 4.839024
 8.669679 4.924969
 8.725397 5.020728
 8.779256 5.115699
 8.832446 5.211922
 8.884602 5.308776
 8.931087 5.397419
 8.981148 5.495252
 9.030168 5.593702
 9.078271 5.693035
 9.124967 5.792238
 9.166570 5.883196
 9.207268 5.974581
 9.250979 6.075434
 9.289779 6.167723
 9.331376 6.269507
 9.368212 6.362549
 9.404122 6.455971
 9.442557 6.559032
 9.476586 6.653439
 9.512684 6.756824
 9.544644 6.851682
 9.578735 6.956320
 9.611628 7.061179
 9.643383 7.166452
 9.671211 7.262511
 9.698088 7.358886
 9.726558 7.465067
 9.751420 7.562040
 9.775360 7.659462
 9.800424 7.766059
 9.822266 7.863742
 9.845201 7.971362
 9.867018 8.079562
 9.887488 8.187204
 9.905104 8.285703
 9.923449 8.394553
 9.940473 8.502842
 9.956365 8.611699
 9.971035 8.720554
 9.983310 8.819863
 9.995703 8.929088
 10.005898 9.028711
 10.015083 9.128307
 10.024088 9.237917
 10.031888 9.347646
 10.038471 9.457296
 10.043371 9.557243
 10.047269 9.657200
 10.050167 9.757192
 10.052260 9.867514
 10.053129 9.977075
 10.052826 10.077171
 10.051523 10.177191
 10.048990 10.287134
 10.045578 10.387350
 10.040749 10.496895
 10.035245 10.596826
 10.028100 10.706535
 10.019738 10.816308
 10.010181 10.925834
 9.999412 11.035336
 9.987440 11.144705
 9.974284 11.253780
 9.959863 11.363219
 9.944343 11.471727
 9.929095 11.570595
 9.912846 11.669382
 9.893938 11.777561
 9.873799 11.885763
 9.852491 11.993633
 9.832013 12.091620
 9.808452 12.198985
 9.785940 12.296435
 9.762435 12.393741
 9.735553 12.500337
 9.707498 12.606642
 9.678102 12.713261
 9.647856 12.818412
 9.619150 12.914250
 9.586543 13.019278
 9.552785 13.123935
 9.521036 13.218777
 9.485068 13.322761
 9.451335 13.416916
 9.413192 13.520116
 9.373952 13.622796
 9.338218 13.716302
 9.298982 13.818973
 9.263239 13.912502
 9.224015 14.015141
 9.184715 14.117978
 9.145466 14.220683
 9.109760 14.314115
 9.070529 14.416773
 9.031243 14.519574
 8.995430 14.613286
 8.956236 14.715846
 8.916999 14.818518
 8.881238 14.912095
 8.845502 15.005606
 8.806357 15.108038
 8.770644 15.201490
 8.734938 15.294924
 8.695635 15.397767
 8.656395 15.500449
 8.617121 15.603219
 8.577895 15.705863
 8.542157 15.799378
 8.502826 15.902297
 8.463670 16.004759
 8.424366 16.107606
 8.385105 16.210342
 8.345865 16.313022
 8.310133 16.406523
 8.274393 16.500044
 8.235180 16.602655
 8.195945 16.705323
 8.160191 16.798880
 8.124487 16.892308
 8.085240 16.995006
 8.046004 17.097677
 8.006740 17.200420
 7.967245 17.303767
 7.928149 17.406072
 7.888832 17.508953
 7.849658 17.611462
 7.813959 17.704877
 7.774691 17.807631
 7.735434 17.910356
 7.699721 18.003805
 7.664008 18.097257
 7.628309 18.190672
 7.589061 18.293373
 7.553359 18.386796
 7.514119 18.489475
 7.478405 18.582929
 7.439122 18.685723
 7.403412 18.779168
 7.364190 18.881801
 7.328489 18.975221
 7.292750 19.068739
 7.257045 19.162168
 7.221320 19.255653
 7.182114 19.358244
 7.142852 19.460983
 7.107152 19.554400
 7.071393 19.647971
 7.032137 19.750694
 6.992875 19.853430
 6.953609 19.956179
 6.914397 20.058786
 6.878670 20.152275
 6.842947 20.245751
 6.807246 20.339171
 6.768004 20.441858
 6.732293 20.535304
 6.696589 20.628733
 6.657328 20.731468
 6.618093 20.834134
 6.578831 20.936873
 6.543126 21.030304
 6.503742 21.133361
 6.464589 21.235814
 6.425129 21.339070
 6.386016 21.441416
 6.346791 21.544057
 6.311075 21.637518
 6.275366 21.730958
 6.236116 21.833666
 6.196825 21.936480
 6.157580 22.039172
 6.118333 22.141870
 6.082596 22.235385
 6.043330 22.338135
 6.003885 22.441351
 5.964810 22.543599
 5.925394 22.646740
 5.886270 22.749118
 5.846987 22.851912
 5.811185 22.945596
 5.772033 23.048044
 5.736324 23.141487
 5.697078 23.244181
 5.657808 23.346942
 5.618558 23.449646
 5.582821 23.543161
 5.543586 23.645829
 5.507873 23.739280
 5.468610 23.842021
 5.432746 23.935866
 5.393622 24.038244
 5.354376 24.140941
 5.315123 24.243655
 5.279405 24.337119
 5.240127 24.439898
 5.204429 24.533311
 5.166866 24.625999
 5.127391 24.718072
 5.082103 24.818121
 5.038857 24.908330
 4.989390 25.006430
 4.942355 25.094820
 4.893586 25.182205
 4.838075 25.277154
 4.780576 25.370716
 4.726340 25.454773
 4.670404 25.537772
 4.607152 25.627688
 4.541930 25.716205
 4.480834 25.795413
 4.418165 25.873384
 4.347587 25.957683
 4.281635 26.033029
 4.207611 26.114254
 4.131752 26.193904
 4.054157 26.271869
 3.981803 26.341437
 3.900922 26.416139
 3.818871 26.488639
 3.742486 26.553210
 3.664825 26.616240
 3.585891 26.677725
 3.497866 26.743505
 3.416352 26.801672
 3.325611 26.863719
 3.233526 26.923758
 3.148483 26.976577
 3.053970 27.032688
 2.966864 27.081845
 2.878716 27.129290
 2.780926 27.179427
 2.681909 27.227475
 2.590995 27.269144
 2.490193 27.312927
 2.397568 27.350762
 2.294883 27.390326
 2.200758 27.424233
 2.096695 27.459385
 2.001208 27.489319
 1.895625 27.520111
 1.789302 27.548598
 1.682479 27.574712
 1.584779 27.596331
 1.477102 27.617907
 1.368732 27.637156
 1.260052 27.654002
 1.160908 27.667143
 1.051516 27.679423
 0.941930 27.689286
 0.832197 27.696733
 0.722436 27.701759
 0.622350 27.704141
 0.512341 27.704555
 0.402447 27.702550
 0.302424 27.698525
 0.192642 27.691904
 0.092958 27.683687
 -0.016305 27.672477
 -0.115673 27.660071
 -0.224998 27.644192
 -0.332920 27.626074
 -0.441114 27.605465
 -0.548631 27.582521
 -0.646005 27.559492
 -0.752440 27.532060
 -0.848763 27.504963
 -0.944621 27.475915
 -1.048963 27.441999
 -1.143369 27.409006
 -1.237180 27.374099
 -1.339532 27.333665
 -1.441104 27.290931
 -1.541251 27.246173
 -1.631643 27.203373
 -1.730078 27.154330
 -1.827380 27.103151
 -1.914965 27.054594
 -2.001533 27.004308
 -2.095345 26.947273
 -2.179656 26.893445
 -2.262899 26.837923
 -2.353094 26.775120
 -2.433930 26.716154
 -2.513661 26.655514
 -2.599692 26.587318
 -2.676716 26.523459
 -2.760181 26.451394
 -2.834447 26.384357
 -2.914397 26.309232
 -2.992839 26.232214
 -3.062681 26.160557
 -3.131268 26.087311
 -3.204622 26.005754
 -3.276316 25.922437
 -3.346202 25.837515
 -3.414514 25.750680
 -3.480421 25.662982
 -3.538900 25.581506
 -3.601056 25.491135
 -3.661375 25.399177
 -3.719657 25.305916
 -3.770784 25.219951
 -3.820318 25.132742
 -3.872549 25.036330
 -3.922803 24.938507
 -3.970918 24.839549
 -4.016794 24.739666
 -4.056563 24.647806
 -4.098314 24.545818
 -4.137644 24.443358
 -4.171436 24.349197
 -4.203388 24.254230
 -4.233428 24.158651
 -4.264162 24.053543
 -4.292818 23.946929
 -4.318950 23.840375
 -4.342803 23.732978
 -4.364250 23.625269
 -4.381635 23.526706
 -4.397040 23.427838
 -4.411792 23.318867
 -4.424151 23.209534
 -4.434096 23.100015
 -4.440951 23.000196
 -4.446283 22.890469
 -4.449217 22.780145
 -4.449668 22.679967
 -4.447969 22.570500
 -4.443851 22.460519
 -4.437321 22.350768
 -4.429186 22.251082
 -4.419060 22.151588
 -4.406942 22.052285
 -4.391428 21.943327
 -4.373539 21.834852
 -4.353267 21.726789
 -4.332665 21.628893
 -4.307852 21.521680
 -4.283100 21.424516
 -4.253900 21.318801
 -4.222275 21.213376
 -4.188386 21.108822
 -4.152180 21.004959
 -4.113694 20.901909
 -4.076560 20.808781
 -4.033901 20.707735
 -3.992982 20.616453
 -3.950224 20.525962
 -3.901213 20.427396
 -3.854695 20.338790
 -3.801684 20.242548
 -3.746555 20.147469
 -3.694499 20.062069
 -3.640662 19.977599
 -3.579788 19.886179
 -3.516829 19.795989
 -3.457746 19.715196
 -3.397109 19.635670
 -3.328775 19.549674
 -3.264755 19.472642
 -3.192746 19.389446
 -3.119060 19.308005
 -3.050349 19.235337
 -2.980202 19.164061
 -2.908596 19.094156
 -2.835612 19.025704
 -2.753917 18.952100
 -2.678074 18.886731
 -2.600980 18.822930
 -2.515104 18.754709
 -2.435423 18.694213
 -2.354514 18.635298
 -2.272477 18.578040
 -2.181101 18.516944
 -2.096578 18.463081
 -2.011070 18.410970
 -1.916250 18.355758
 -1.820036 18.302526
 -1.722624 18.251396
 -1.633067 18.206874
 -1.542638 18.164152
 -1.442368 18.119212
 -1.350232 18.080326
 -1.257251 18.043255
 -1.154285 18.004575
 -1.050548 17.968188
 -0.955095 17.937046
 -0.850295 17.905168
 -0.753897 17.878138
 -0.647518 17.850594
 -0.540456 17.825371
 -0.442615 17.804580
 -0.344382 17.785752
 -0.235501 17.767133
 -0.127118 17.751054
 -0.017938 17.737295
 0.091858 17.725906
 0.201146 17.717004
 0.310882 17.710484
 0.410819 17.706748
 0.520720 17.704840
 0.620895 17.705303
 0.730702 17.708011
 0.840664 17.713142
 0.950324 17.720681
 1.049929 17.729733
 1.149350 17.740777
 1.258829 17.755161
 1.367107 17.771827
 1.475439 17.790940
 1.573635 17.810501
 1.681052 17.834145
 1.787890 17.860138
 1.884513 17.885908
 1.990167 17.916363
 2.095188 17.949154
 2.190357 17.981183
 2.293488 18.018213
 2.396099 18.057616
 2.488822 18.095581
 2.589653 18.139245
 2.689679 18.185196
 2.779905 18.229076
 2.877480 18.278975
 2.965537 18.326469
 3.061343 18.380645
 3.155767 18.436818
 3.240634 18.489864
 3.332684 18.549994
 3.423467 18.612188
 3.512691 18.676243
 3.592721 18.736405
 3.671617 18.798225
 3.749200 18.861567
 3.832648 18.932530
 3.914994 19.005724
 3.995454 19.080479
 4.074391 19.157118
 4.144625 19.228375
 4.213640 19.301257
 4.287348 19.382292
 4.359555 19.465258
 4.423582 19.542179
 4.486043 19.620348
 4.552912 19.707557
 4.617873 19.796248
 4.675247 19.878306
 4.736432 19.969657
 4.795882 20.062783
 4.852730 20.156327
 4.902808 20.242949
 4.955967 20.339301
 5.006959 20.436733
 5.051373 20.526341
 5.098258 20.625889
 5.142918 20.726393
 5.185339 20.827812
 5.221916 20.920962
 5.260040 21.024071
 5.295922 21.128092
 5.329507 21.232881
 5.360914 21.338840
 5.389717 21.444533
 5.416300 21.551247
 5.440522 21.658482
 5.462437 21.766503
 5.480164 21.864975
 5.497444 21.973356
 5.512378 22.082364
 5.524906 22.191636
 5.535020 22.301080
 5.542729 22.410756
 5.547551 22.510764
 5.550366 22.610728
 5.551181 22.710727
 5.549996 22.810755
 5.546802 22.911022
 5.541087 23.020996
 5.533002 23.130137
 5.522479 23.239614
 5.509542 23.348907
 5.495589 23.448031
 5.478066 23.556715
 5.458208 23.664693
 5.437961 23.762644
 5.415744 23.860236
 5.389186 23.966981
 5.360332 24.072944
 5.331942 24.168844
 5.301564 24.264395
 5.266198 24.368367
 5.228528 24.471614
 5.192196 24.564785
 5.150037 24.666818
 5.105935 24.767216
 5.059467 24.866997
 5.015178 24.956875
 4.964695 25.054347
 4.916752 25.142140
 4.862063 25.237690
 4.810481 25.323380
 4.751928 25.416387
 4.691332 25.508104
 4.634352 25.590357
 4.575739 25.671452
 4.509445 25.759411
 4.441499 25.845548
 4.371524 25.930362
 4.306188 26.006096
 4.239353 26.080505
 4.170763 26.153863
 4.094283 26.232434
 4.015933 26.309471
 3.943099 26.378003
 3.868856 26.445113
 3.793342 26.510674
 3.716518 26.574723
 3.630688 26.643417
 3.551260 26.704172
 3.470581 26.763363
 3.388181 26.821318
 3.297577 26.882351
 3.204989 26.941823
 3.119562 26.994075
 3.024748 27.049491
 2.928572 27.102905
 2.840079 27.149534
 2.741751 27.198858
 2.642412 27.245984
 2.541887 27.290991
 2.440325 27.333803
 2.347191 27.370667
 2.244685 27.408882
 2.150229 27.441762
 2.045602 27.475852
 1.949716 27.504775
 1.843890 27.534398
 1.737192 27.561751
 1.630211 27.586679
 1.522621 27.609269
 1.424235 27.627677
 1.325575 27.644101
 1.216749 27.659986
 1.107621 27.673472
 0.998142 27.684562
 0.898433 27.692451
 0.788451 27.698942
 0.678851 27.702989
 0.568731 27.704639
 0.468491 27.703932
 0.358642 27.700955
 0.249009 27.695570
 0.149124 27.688464
 0.039604 27.678464
 -0.069651 27.666059
 -0.178615 27.651254
 -0.277392 27.635614
 -0.375967 27.617978
 -0.483689 27.596471
 -0.581341 27.574733
 -0.678553 27.551042
 -0.784739 27.522902
 -0.890564 27.492354
 -0.995425 27.459566
 -1.099701 27.424427
 -1.193865 27.390371
 -1.296442 27.350931
 -1.398197 27.309219
 -1.489917 27.269241
 -1.589841 27.223287
 -1.688701 27.175161
 -1.777668 27.129404
 -1.865727 27.081863
 -1.961386 27.027718
 -2.055834 26.971482
 -2.140671 26.918409
 -2.232675 26.858257
 -2.323436 26.796028
 -2.404711 26.737632
 -2.492695 26.671706
 -2.579314 26.603779
 -2.664361 26.534007
 -2.747896 26.462343
 -2.822358 26.395563
 -2.902620 26.320630
 -2.974286 26.250716
 -3.051533 26.172277
 -3.126869 26.092331
 -3.193847 26.018051
 -3.265798 25.934974
 -3.329607 25.857940
 -3.398345 25.771490
 -3.464647 25.684215
 -3.523399 25.603254
 -3.586168 25.513013
 -3.646966 25.421372
 -3.705787 25.328332
 -3.762526 25.234052
 -3.812262 25.147134
 -3.864919 25.050681
 -3.915467 24.953050
 -3.959492 24.863235
 -4.005867 24.763630
 -4.050109 24.662879
 -4.088340 24.570337
 -4.128276 24.467901
 -4.165977 24.364537
 -4.198169 24.269856
 -4.228462 24.174549
 -4.259651 24.069164
 -4.288523 23.963095
 -4.312668 23.866018
 -4.334859 23.768511
 -4.355103 23.670539
 -4.373377 23.572218
 -4.391324 23.463606
 -4.405459 23.364549
 -4.418828 23.255274
 -4.428802 23.155572
 -4.437528 23.046283
 -4.443880 22.936409
 -4.447803 22.826658
 -4.449181 22.726585
 -4.448494 22.616545
 -4.445376 22.506232
 -4.439860 22.396713
 -4.431927 22.287123
 -4.422515 22.187536
 -4.411103 22.088077
 -4.397711 21.988932
 -4.380835 21.880412
 -4.361550 21.772120
 -4.341830 21.673948
 -4.317971 21.566374
 -4.294159 21.469196
 -4.265929 21.363210
 -4.238062 21.267112
 -4.205326 21.162125
 -4.170308 21.057940
 -4.136282 20.963625
 -4.100459 20.870239
 -4.059105 20.768564
 -4.015471 20.667686
 -3.973737 20.576741
 -3.925858 20.477685
 -3.875831 20.379745
 -3.823655 20.282915
 -3.774254 20.195878
 -3.723147 20.109888
 -3.665073 20.016484
 -3.604910 19.924306
 -3.548405 19.841761
 -3.484562 19.752387
 -3.418641 19.664261
 -3.350572 19.577322
 -3.281202 19.492642
 -3.216076 19.416600
 -3.149515 19.341962
 -3.074752 19.261429
 -3.004902 19.189428
 -2.926961 19.112247
 -2.847157 19.036616
 -2.773029 18.969394
 -2.689784 18.896889
 -2.605547 18.826728
 -2.519391 18.758112
 -2.439775 18.697522
 -2.358690 18.638337
 -2.269058 18.575633
 -2.185785 18.520051
 -2.093033 18.460791
 -1.998814 18.403475
 -1.903997 18.348622
 -1.816295 18.300419
 -1.727699 18.254008
 -1.629355 18.204972
 -1.538815 18.162286
 -1.438376 18.117367
 -1.337122 18.074732
 -1.234804 18.034272
 -1.131697 17.996101
 -1.037120 17.963435
 -0.941894 17.932662
 -0.836655 17.900966
 -0.739950 17.874144
 -0.633519 17.846912
 -0.526637 17.822053
 -0.428664 17.801522
 -0.320668 17.781138
 -0.221951 17.764744
 -0.113082 17.748896
 -0.003558 17.735406
 0.105547 17.724406
 0.205304 17.716554
 0.315003 17.710125
 0.415019 17.706466
 0.525043 17.704646
 0.634903 17.705246
 0.734875 17.707990
 0.834775 17.712733
 0.934631 17.719477
 1.044121 17.729077
 1.143691 17.740018
 1.252581 17.754196
 1.351449 17.769283
 1.450057 17.786356
 1.557987 17.807276
 1.655779 17.828471
 1.753111 17.851616
 1.859502 17.879175
 1.955816 17.906395
 2.060995 17.938409
 2.165442 17.972726
 2.259774 18.006035
 2.362682 18.044704
 2.455557 18.081954
 2.547654 18.121049
 2.647957 18.166017
 2.738308 18.208932
 2.836673 18.258090
 2.925267 18.304827
 3.021421 18.358041
 3.116563 18.413461
 3.201951 18.465750
 3.294411 18.524949
 3.385676 18.586248
 3.467555 18.643896
 3.556101 18.708927
 3.635438 18.769924
 3.721204 18.838637
 3.797931 18.902928
 3.880786 18.975226
 3.962058 19.049352
 4.041650 19.125220
 4.112568 19.195860
 4.188931 19.275034
 4.263541 19.355874
 4.336315 19.438292
 4.400858 19.514712
 4.470139 19.600150
 4.537476 19.687032
 4.602955 19.775465
 4.666427 19.865252
 4.722351 19.948172
 4.776634 20.032240
 4.834459 20.125852
 4.890188 20.220675